{"name":"Multiplication Table","group":"CSES - CSES Problem Set","url":"https://cses.fi/problemset/task/2422","interactive":false,"memoryLimit":512,"timeLimit":1000,"tests":[{"input":"3\n","output":"3\n","id":1690626009438},{"id":1690626907291,"input":"10","output":"1  2  3  4  5  6  7  8  9\n2  4  6  8 10 12 14 16 18\n3  6  9 12 15 18 21 24 27\n4  8 12 16 20 24 28 32 36\n5 10 15 20 25 30 35 40 45\n6 12 18 24 30 36 42 48 54\n7 14 21 28 35 42 49 56 63\n8 16 24 32 40 48 56 64 72\n9 18 27 36 45 54 63 72 81\n"}],"testType":"single","input":{"type":"stdin"},"output":{"type":"stdout"},"languages":{"java":{"mainClass":"Main","taskClass":"MultiplicationTable"}},"batch":{"id":"dc077117-1b39-4fc8-a22d-5f2c708d67ea","size":1},"srcPath":"d:\\Coding_CPP\\Multiplication_Table.cpp"}